1749981618
-1711565238
-737972363
-1294063153
612707139
678557470
-923233219
-140491899
597955447
1280327263
1226995288
-1602612232
1015574137
-1245538723
-1428105864
1675077222
-1874434744
-1992457103
2139089422
1347981235
1262420117
1399950345
82365643
-1751344734
-872036879
-110268668
1332892260
-1840026305
740328231
2066980672
1945984917
225964191
-227677210
-1505970832
598997353
972508108
1420160419
1386873138
1383241143
-678508295
-1758405187
1183352416
-1957203985
413860861
-289348127
-1078592603
1819010582
-1429857026
-2014621009
603889235
-1894243826
-1670782356
-1397380963
-1188827276
-1756261605
316024369
820290331
686403102
-1283916894
-459623898
-1978039816
692560651
-85649614
-277377080
313280772
-340520599
-1922884408
97359659
-1544038923
291758317
1522966862
1981053230
-793317234
983225645
322346597
-999638801
-799033091
-570989009
-142761628
916932737
-2091050876
-1085600196
1618962079
1167834332
-1545856932
88678650
-1370069781
229723413
568148693
-815562823
1992297825
351932622
563638977
449691404
-676936862
-2139934225
188986643
1679069596
-1576742692
1691092373
1765023938
2067827768
55302858
-1143914422
-279328526
-2141677777
-1942971903
-1646610057
1401302358
-1769365279
460512296
1368224278
-1694577457
41837971
-1237970681
724226731
366198361
-1513398141
-1510021115
-624864140
1972139047
-83871172
45007339
-316536354
-1321530101
1295075371
-719455506
-641615301
-819406821
669053297
964841707
-421296974
710209169
1113197817
-673256972
-1865007498
2049443827
554273997
-259014902
-2014511045
1129245811
-1854469467
1675259692
107910884
-1948309097
392235457
294305424
1799277440
-1191187172
-2072313352
-1052686801
448771703
-1953813992
-979859441
1233065863
-2070375936
-776377250
-2131613874
-1159636836
1710407637
-936575451
1457897552
179051583
2073359914
1658274795
1784512795
-1275856238
-1857042470
142439062
-1792685456
1839869386
1672346595
1347421149
942380643
-842582218
17721364
1247448293
-1524485075
722227329
393495300
-272114898
2007526719
2006199603
-273276602
-783254608
-185440357
451924093
1015222746
-1494740927
1669257567
-82543819
-1892119066
1444943673
-978099806
606860830
1559965605
-1828910760
329587331
-1733772179
1596941470
-1016794650
-418400130
1226033800
-1836151015
102556955
164547329
-1910369008
-1427617074
-1916995391
-799935937
-1946424287
-161036065
744006423
129900099
-209662248
220755720
1611899896
1073425223
-1175031019
1752196629
968481852
-1374785723
-1321597567
-355327085
-2030913698
-266859314
-965286446
1205140170
403639135
-615375077
-204053683
282448106
1073386217
-1160899743
1188052364
1705906307
-1446484554
614318953
1761340801
85547066
-723250382
-1076157089
-927008070
-767893319
1567048543
165324009
1110761702
624872935
867041784
-1191085701
863062423
606265177
-79554599
-1183150615
1912970825
1635070983
-2015881571
-1332097731
515847842
-2138106558
1302264456
1348921546
-668752133
1019018469
852330151
-1161434239
277148446
-98284854
-2123972811
-2075840894
434088273
-1085645440
1675699776
654148342
-598660717
-735575494
-470638964
-1888836325
-1273717467
854552585
2055018679
-588297057
-170302901
-698727859
-256479587
119107122
1814949971
-726129047
1332220157
1022394966
1659271126
625881269
2009688924
-35592839
-1508457667
572656824
2084708905
-378231484
497752966
38501526
76517153
1966821173
1294218568
194632647
-1164238859
1413977195
615934452
1828886793
-1845134551
-1430071616
-296959651
556325783
2118422334
-947653860
703893369
-526530661
141619219
1050139912
1514056296
-1048832544
12658311
-411050111
-831554378
1291383499
-159918493
-1982687474
-1507362851
1856985227
234086007
1479145748
-1665029363
-66430833
1977603842
-1122370455
-1438744018
-1350170568
74486358
1167111974
-2140344027
1254491344
846758844
-2001074752
761565014
1325122233
-1508888428
210636633
1283942249
-66708503
401739712
550714195
-982876335
1599525269
-2018870461
634481702
7363722
1933702444
1101174820
1769837427
332466337
556166278
689395864
-1027476647
-578856455
1411253597
1702624351
-134700794
1863550155
-774452229
14267246
1089674383
215955566
-618751691
431245005
1598231044
953142488
1891961751
286649282
-1239050305
-1996012444
-1022926880
48407855
-273449476
425534933
-1124279120
-306849992
1544455086
981758618
-1313749633
781381928
-1435728752
430194003
151652561
1977373077
-1872825223
-1140546413
-161210969
-1668167487
-1429849100
474625511
92783672
-452305598
1925564943
97910039
-621568543
1064515301
-1324945549
-2021604437
1314377817
1251464144
-404367691
1431061680
-398776280
-1961497626
-888853014
151869627
1504407129
-396253586
-310749824
12475950
1169220974
-31128074
1351428171
1046045113
1665671571
1942990453
-1188843298
-1928475869
-886788073
-237344337
-1969004516
-1298296246
296894999
-1231811107
278305038
1172979816
1928416891
1636018828
1711187445
360333719
-567845082
-1765400635
-1490589021
-834450794
-1708491416
1233879917
-2108463098
-997271859
-1148030537
540735727
300672261
-1701182834
-476984673
-1274421481
-917876594
-1025358435
333700854
-1019381695
283980015
186962418
-1587789997
-2028179278
2033988709
19831485
-159954241
-1626871995
-2128333070
-403224663
1628625581
-1349919671
957174131
1784780900
1030830631
1486957225
1211778545
1436548191
-1810375606
1349611341
1539431734
2145673938
-2093054476
-1325432128
-263714397
-185694462
1452990139
923363603
-207232191
1903967430
-56648416
-946676736
1997328661
-992771770
101040643
-273820847
-1239256137
-2066328570
-1360423078
-1197953150
156771621
-1987273694
-1356044771
2143414949
-90562092
1360043483
90642308
282817413
10465032
-259079087
1539913076
-165275890
1340527204
-892222574
2080570934
1656724460
2113629892
1692423891
-300908695
-1169918863
1028840010
1573003004
-257496006
583019195
1795310007
-1948949143
-2006670639
-1074402539
-987271941
1484244718
804754702
-742600547
2118170894
-1369437412
1987381364
-1933453273
673864448
-1071141950
2102976869
1975229793
507789391
-412692298
743566735
1228555831
983900280
967689173
694411686
469778553
-1552641072
-875355833
926875219
-277432903
1422869395
364791815
-986148757
-1986340487
-2043312323
1699335842
-347160476
99579270
-1984560360
-1236139970
609576196
-1244637026
2081102870
-994073123
806407514
1010535256
1492866272
1939840995
702461426
603877189
1673127982
643568597
232578371
-1384960943
-2130299816
-550227357
1367337836
215814255
631098413
-1671702105
-2071682785
-2110208651
-260161277
-1006856273
-11501091
1899987267
1521547791
2061881656
-1015648925
715822123
388803830
-1974333252
-446243741
1354168716
-1577235549
1258537391
312128631
1857998528
-6522021
-1218716668
956491602
1756943415
158460174
-550419467
-1703521992
567041252
-1407971602
391635460
75139759
321540055
-732479675
1077065532
-1050959498
1547837482
717359235
-1029934660
-1638798154
359915297
920340118
-1926871691
45379703
-1127297908
-1237879426
-1788539598
824804437
1937639792
1399855392
-1778321448
-55660173
1484476646
8998489
-490977809
1265367982
-1539712190
-470361770
-336995488
-271185387
-1350971530
2025014562
588556672
-1595546983
-677976392
2112940159
1596273996
325332224
850077283
-216669190
526564854
-2085539553
1476973594
1311862073
1719781280
-263060408
-1541601229
-1624638569
-1580593562
488544768
1946059345
2110335474
-1199954526
1819519989
-486366126
-1648139837
86984554
445033774
-974342292
791061358
1920735325
1311325316
-2115379310
-595787814
356606879
1428998736
600727836
665098052
-2029513951
-932289179
-600892250
338178384
-1865684955
-140647616
-113482441
-956251551
-811943935
240310142
1039242405
-380014039
1214525730
-969601395
1367278136
-478873725
194145363
69566374
403324814
929848703
1136905791
2075126266
1631240125
2121041342
1233321268
-472084181
667372734
2140732416
-1872629975
-1644376835
-241504504
185593595
-1263971326
293888077
-261215365
1324638830
1545461777
-894645439
-1457800321
757132916
-2072954144
1807682752
-490331283
796303389
-955476435
1035175716
-799683795
1809895226
-666947275
463404078
355302687
1633680759
1740327989
1079956538
-613585090
1375408815
-1645195219
1181099187
2096839299
731351675
-713478426
1102064072
-1291361145
-659658996
1036140342
183773023
808410987
182254906
-1401284221
-1803426486
1910842363
-911348260
-1433061243
-470992200
1421068817
1760026714
1743020623
857890029
243974967
-126561665
-1581638257
-555489995
145726352
-842133101
505132820
1934541333
848323831
-788123480
1505663888
403670980
-1112592280
-1354002380
-1545926241
1220006873
1400977822
-1085060384
-1679204345
-1856391099
916629758
449158046
-621835199
-1887805054
-76935245
1606553857
1213750584
-892572660
-1762328039
2015568328
-106512817
-617243376
293172318
1049491131
-1863115095
2041246307
-1220690586
-1932231238
1749125283
1923694005
-581737489
687675922
-878498395
1522515717
1112480246
-1213954542
1778280986
1929736791
1912244824
-1197229602
-1736145476
1672021157
-207430469
388819842
663532564
-1856592878
661722030
-835716023
1023416641
-2043797659
-1368938226
-301471921
-654649609
-1816721228
-864875349
645399893
-2130549302
-806891681
179366188
555301332
-1116619092
1731200320
1139561263
298081620
264247476
-272284896
1686849204
495483133
1196375841
-1435148180
1410078395
-1701795986
1505411997
305656359
1861727018
-851005747
1668387013
-1595652830
-2028476172
373073950
972529896
-1810872469
-888209288
-2110175272
180739342
-999287550
543186470
795319221
748316732
1129651154
701499752
-379301431
1567349494
-1738077473
1375288766
-152052522
-1185533179
-996147013
224029227
682494430
1593867130
-231166658
303514319
1842404088
-798592782
986208885
1419233493
1125497703
199337498
-1465380646
691367054
1197039848
1023536245
2112309957
1519758814
-1065882038
-411237027
2098457379
1415831254
1484008260
-59121850
100559716
-1726878558
1597629826
1409016650
499020985
-1587391835
1174195968
1031214817
751523967
1811651554
1198943643
-69331473
1396644854
2087196317
-1990529051
117909763
-1852699850
-907370943
-796525768
1448475613
-964163742
1102815108
-807549171
191608881
954729501
-2083538231
1794906510
-680032086
1344890940
-2021939004
244447593
-153237455
2043299261
-463518365
-1435227930
-1383308946
1824300280
-1103371028
1636548155
-1632165234
-393732332
1442338658
-1144558306
85920070
1168188347
962018861
-220244580
-776746216
927778321
202020857
-846828503
-1383129643
-1200268063
706324189
-1295921417
775783522
1934737945
-1958964032
298818698
-1606376514
-353034888
-1692173832
-1618206836
1341350979
486811269
1372891699
165503965
1555587883
1143476674
61369242
-1181054738
-639666091
1487314210
-802784205
-1125817009
1144476745
386527159
-1670641274
-2076029051
1594653305
-600162129
1460076163
1428365345
531045321
-434734719
983419810
576176397
-278031023
1320699746
-1601630900
1596448297
-1024878751
-362590210
385266809
-1308718315
457849029
-2082046620
495228313
-1865813424
1356692041
1949406529
-1850048073
-2000789119
-1818231169
1599115088
1084902876
-1907538155
-72746561
-836673776
-1233228623
1444279561
707567214
808461496
-1775894937
-1650508536
1025739139
-2022639256
-52987173
407992
-669912249
122538656
-1794024972
-1732257456
1801168987
1827797237
-2058199473
1112538477
-1639575809
-551244287
-1103534562
-1179499482
1034796177
60693915
-598284723
-1235366307
-2025758894
1842554439
-906464283
193894232
1322975344
183895280
517537717
-283889265
-845356480
530714580
1562814510
1703869639
-385384758
1754508479
922305935
-1056822945
798124682
137164411
-77392831
-701358871
1890197365
-509950586
-923328125
-1532228613
-1013910471
-1888153595
-1288217015
1305271623
-1816017975
837866744
1393982561
1575660009
911673624
1063847599
1322777048
690319104
-85888220
1684482173
-178585957
-1197947777
927282485
1571525546
-1434259360
-168710843
-1713006746
-901736531
1346035910
940102762
-69563548
-324867686
801061306
1817365467
-429635211
-1816324391
-341095395
201138216
797784508
1176170264
1526637731
564680092
707440058
-694871678
-1574417666
2065441421
1500589592
-1056683728
-1620816070
-363562250
-531013469
-1030830881
-1650833046
941310274
-1117861225
-1155910172
-223236220
961261674
-1947077857
-543755684
-1908726391
-1004940479
42707484
-294046041
-912512023
227122446
-1092126939
1946681878
-438513628
367425371
1976005838
846236386
1393378228
650467596
419699757
-1660388001
204700969
992524978
-1848720231
-1508345230
1326401430
1275001889
-566895691
908822848
-1291492309
-1918300353
-1805248084
-898142168
-194469341
1740667934
1679046077
1757227250
-1419636512
1680937549
1261362937
1094706248
-165171117
522967915
-21955253
-1637592988
-549239903
-608296196
-278364487
-1133439222
-526308861
1378920319
1158034664
-1643854151
1564041709
1929398463
-602962203
711236381
-1281156494
-1534933143
2106784546
-854927161
-1241155866
-1218483746
638377406
1360179231
-706844476
-936601014
-1007057144
-359998568
1178780626
805360117
-1570306491
-627610330
1003024514
-1009359400
11547825
484343532
1753342107
143067251
-1297648445
1279441722
-495310312
-669182755
471310773
-710283338
-159945648
-1165625572
1139143491
-2135089192
-1924897962
-124631626
-293086798
-479016293
-232763998
434462856
-919857645
84629361
185370608
104835285
1327928008
53665398
-1443003544
-1247041887
-1641889721
662355944
648182270
449294144
1268283934
1737539287
768181531
1944772905
725334070
-1631546600
-878970243
1014860047
48205915
-156752257
1934177114
-1396030414
1489587195
1859514700
-680255029
-988908559
-705128915
1921788389
488265832
-840575324
1521878517
408599493
-2064553937
-1651091032
-1593210682
1542273460
1872869545
-1132562246
-1563528889
780746552
1578384975
876199560
2016620121
562885963
-1569017047
-1036764539
-741413287
654618189
655373751
-1197539332
-212356446
443141435
1728737813
-851115416
-475556011
-1777570783
1125235033
-1109335294
1818776411
-607357491
790145855
847872922
933770411
282994373
-1445833208
-640388438
-1274274616
-1214174854
2022699166
-324369241
1770406285
-1622097476
-1556245765
985411226
-1464748500
-1832469648
633835724
-1991739921
-1871773581
-51244927
615012945
1975683469
-866238895
-834831852
-1275525242
-1844488154
1570217881
-382639873
-648220281
30783439
1842034693
-1319116422
-205324752
1156641490
402484604
1835062807
-1770159613
-339817021
967149207
-1634787857
-1042555826
-604022063
-2025317023
1318556189
947859853
1368272477
285178462
1593663088
542500876
2057423056
704650190
-658591397
-1363162416
481773993
-767038158
-41945296
-82381129
320716756
-1484066033
-816638835
1207432670
1131785026
1515745009
-74230762
-731534014
1018069941
1251983282
-1750729884
680263849
-1823123237
1668055548
653966140
-1867624254
-5972066
1965405451
-1616482557
838678411
-1476886342
269739959
-106569871
-1696520462
306789519
1789833649
-1686274939
-1996632641
980711480
-529400564
952517304
-1525913936
-562427941
-2097159169
1938243445
1441355237
1725958722
-2007226647
2067687623
1528019070
-314545750
-765821292
-1552761772
1369688706
-554887717
-1658237251
1523898761
2007451394
47532920
-1720288045
1519553302
790701693
1101495448
1514434303
1456796573
-841195642
1255190164
1533114212
-458731099
-132674140
-105684702
-875286617
-637038892
67740281
1904038562
1270057137
-1045098915
27133221
346338744
-2029415757
1764585142
-288832532
1821027354
-473153174
1519923854
867810325
2135562922
-1209552732
-1167751938
-1254106091
43461318
-771117822
1871154430
-48503827
-200995617
-1265203970
1495860250
705972175
-699609016
573269551
883557476
1922177287
-1316395952
1989331659
-2050539092
245963032
-687204718
1918090094
-1872813586
-940877019
-1046601078
1380772121
847997195
1217075091
2119247468
1146676092
368929724
-2041342485
817467696
101248887
1542847939
1798066436
779574769
-10993186
655462242
-1570260640
412266615
-1055808900
2092183057
1515272662
1548691218
29211482
476601450
-628858255
-922618455
345020481
-1992362649
869359000
-356114927
942742140
2003668688
-1810820242
-1412736605
-677550879
-1303638290
562929531
1152485384
169575442
-475436668
-993395573
-1188317354
-397027584
679131135
784206550
1313020256
280427440
1063723244
1397380193
1950579273
1544635457
1055277737
-1107741789
1021316186
-103155667
-103934625
-1067892630
1874369813
553706959
-1786218449
-946395393
-1051424886
737216548
-738730581
-658813560
1277818856
1271874773
1737870215
-1705907283
-1247980458
1020823156
2043486607
-1517651842
-78782717
1276163846
-1254269989
1917162132
-1396578949
294149825
1991459906
-816396683
-740945604
177662742
-1015625972
-592324803
1484303753
-2000428559
-1051402518
781282681
-1418529155
-2064022210
1472711722
-1994436522
-1248869022
-415257937
2031029030
1376029946
-1114624445
-773469252
690732541
-624283599
1431560895
-672165397
1993178501
1515812428
-1633391073
-1710791855
981910912
1198822725
-412115285
-1217481897
39809037
-1477475033
-584142792
-107209791
911144032
1392667308
1560087557
229868012
1418681525
2122680359
985313736
1862585430
1851074433
-1048520540
-1698456061
-1920865181
-1920497686
-260589235
-1735999077
-219856802
-707282567
1803240718
-1243849046
-1387425347
1850563342
429147772
-861610349
-1767558232
659096851
-88087566
590771543
-243399236
1935511284
-272078339
-1783552474
241458955
1785968590
-1208625159
397802809
1279731047
-441244058
-1238887685
-864578850
1538495712
988214364
2074534641
-1813566508
-1954055286
381892767
1829903880
-1004336424
1722084739
-2116795101
-945904051
998229887
-1453411021
1127713745
1886592406
-2100314554
-1291516971
-775332161
130118563
640216551
-126998986
-2022572127
-748113281
496686573
-2016460355
904901246
-71520980
1279994506
-1862967893
-400373850
-288918402
210334120
-818987870
297521378
1429386823
265739581
406637163
-1334086163
105212596
-1142884637
-1381948941
-1590256605
-1471908874
-1505562457
-134189162
1321784696
-565504988
-104157408
1325609887
-984986965
-426091169
-700718909
1607248143
1736283322
-1699938250
542946934
-1331014499
180173208
-1085334452
-1866657438
-159449090
234340381
1154479928
90323468
1070310758
1170509629
1750973868
1787720871
-161673395
-242545540
-436620584
-897775965
-70438794
-1353142879
-2005569008
-530546295
-1972144084
-728108631
953165483
-1585813750
1817159374
750089470
844422702
-1660913068
-1473321330
-758672152
-1823909718
2046120615
587410549
1286624835
621738850
-1369504984
1281435049
-762543246
-796014160
1453321205
-1315359502
-1848756845
-824473560
-1285355400
-148618118
-38257420
-1332777475
-1177661696
-194678828
-750576444
-497743709
-1849494131
2119027263
1135185421
1498887606
840740843
1384105258
-632963615
-1471785190
811481857
-765199621
-1220035885
1682646370
-1857369750
477717003
-463419991
-1704344459
131147076
507980789
302414159
669974126
-1062823096
-2097752816
1588329997
1035716804
406651675
-1107220423
-998327300
-1126074454
2007005411
-1228850475
18301109
-1522318408
-125920228
-445864683
-999928756
-1827142197
1382180779
-1541375364
1815165308
-2140058328
1078785842
1940309662
-1225771741
1251685351
-410727002
1670418985
-1894516496
444241294
-2080739041
1551676457
769654106
-381318148
-2059767825
-366742649
1717655251
978081416
1976705781
1162296530
1826206269
1967591273
797819186
-1138429887
410592413
1694421847
-2041866084
1860602872
-1816608243
1919893362
1384742962
1690842762
240332791
-1629001373
-1987127472
-892342849
435660415
-1098926656
1550231108
1040342422
1806112065
1772892340
2114106400
627024780
1047682876
-821474081
488220113
-1546485218
877388301
1744514171
-1931511184
-1545549683
1846393951
1637210303
1507391704
110359264
2147059617
-1043919993
-1023417736
1895646767
-1425180422
1159753524
2088173417
1881730333
1490427257
506165457
-848668734
1451743398
-1373428335
35537014
-1482084821
-133142246
1148777412
-900006927
978096048
802300776
-780148067
-862322782
-1030320937
1387853471
38630882
1865968037
1550020595
-1811884622
-713889014
1512299318
1061651642
547531131
-1115693844
-1988238255
-200719083
-737157374
895413945
-342358631
2026962743
-501082626
-874663380
-1298961286
778324209
1819849627
319831295
419286417
-2024483773
2094423421
374612384
-1435041462
1617918261
1454153988
-1245855964
-1274984758
1362200807
270813905
1928731772
-44543728
551009767
987050633
960414437
1674150486
1912298946
1850244824
-1951118427
298449340
149381085
1586275768
1363121395
1932351272
1226354053
-271405837
1748030006
1722440039
1912196931
1367371494
-209785998
-1467434344
589011828
2140923783
1415110655
-903483703
-97404391
-986722904
1398677627
-457922334
-97316372
-1383465860
-1464986623
1567967681
2020307635
-1321701030
-665961318
-1260151386
-1152577321
1320280513
-328618253
1261997009
1285924407
-505205349
-1612459696
-110846871
1455705145
-1314180667
-454847040
814905504
-1487248606
1390591695
-1415863406
1099876627
615717543
-1238976512
1759978503
1533351542
2005036996
1148624540
295315016
-2091413392
1313190859
656018792
970968730
710008515
742191295
-849090451
1726989519
1666539695
-22692126
-1894628100
-1207462401
224362136
1549098892
-931770894
556531064
1479602662
391721277
1585424445
33638642
-530110676
-1289629451
1618680734
-599176186
-1832444277
86932675
-1542683728
-209152287
-1700041128
930319260
703089960
1228661812
-1166193668
470814318
-950992035
-2111704466
-1724203236
513011315
-1381912053
145570861
998925049
-1856430902
-1367990445
703874033
469719576
-494426302
-2071059963
-592550126
456546341
-981088647
2006554658
2016832500
-409016813
1074936101
-1477525093
1802190712
72500360
257458353
1996817247
1138398645
1619759224
372495115
1722439316
1143497191
-2073358833
-1546725956
2072635427
-798926425
-571949612
-568625608
-2080461702
-149555364
1081647115
-2021690505
1922362252
-369184783
1696942682
-1748538173
1615464732
-675196985
1040954286
-1355052589
1707740475
91927277
2037209695
-1798434791
-1327582961
1898925198
1010575505
-1760724648
1950086101
-1854393942
743815901
-2146902152
940735528
-907437303
2111434033
-1611738723
-644855421
-234155413
660787700
1578886773
586971651
1435025156
1419933549
1976541137
1302538353
315131174
-129163419
135492471
781362816
-662377152
863816970
-1731654347
125540178
381355526
-2077930219
-829284807
2048503360
-1839745551
201202735
-443200096
1990399450
1894002666
666488720
-1991696820
-115817684
-1187479743
1102636009
-1566122502
1446132035
-1690935581
-1243605372
1404367250
-884768529
-1308766260
-1944539992
679023297
354703561
-1255136582
914574657
-1655156028
1561059703
1978493218
-1244901184
-1259080057
-1346090450
-1903984281
60468032
15695854
399393144
1199911497
1191236842
1526560881
-29086153
91425179
-1553378151
-1957310226
-1798736663
780595769
-839987008
1217522362
751979820
734967095
-1985361269
-1206411784
-1168839804
-1294935459
-1485019324
-822226642
-1984101540
1488624595
-1148785672
1860859412
-418978486
-187899624
-537538727
-1307377745
376946071
682194232
746882534
-1165646433
1388099325
-1853821890
35548232
1148389556
1351812530
1882516454
-1934003201
-963310394
431431333
-1215706217
1897690685
-1068958779
2012847879
1371389839
721244434
-272611826
-96688116
1904935775
939602632
487355392
805614322
-117590118
2146154384
1442847951
-1452007102
1910335177
267369821
1546122903
-1187443371
-84580959
-253816305
1857835956
-932634855
-1702460809
-1138466860
-409165488
700410132
-69224461
1548024779
-1989428420
-294874711
331536132
-1050772759
654125315
-85341030
135617555
183382304
380672060
-230463282
44884858
-328270147
-530962400
-94898605
651575
-1271132143
-953460133
-1747629915
-657784868
300774227
1408875814
764205360
-1832056118
1565370564
1149084309
206392851
-997324898
-279604972
1123318061
2131175718
-2051472662
-41001468
1547147705
652141374
34264103
470772044
974233181
472840111
1933155562
-45607490
-240544021
950051857
-1434941610
-2027675990
-1954763147
1135239239
-1110149167
-719652476
-254536158
1378833084
675128826
346107332
1529760069
-471120656
803033306
1333577485
-907018581
1242225714
-1533672871
-1947449967
52583220
-771220818
-1551886862
799125683
-1303823964
2061462698
-1692698966
780775405
-575300677
-1859009012
436914238
1265683955
73767042
623678495
1052471195
-48805352
902061031
-1688696938
-593416558
2019957745
-1632498804
-1677952304
-2099034421
-427946697
-1251695397
-606996387
-1681631238
92540401
221259869
-392354368
1793944913
-610523438
760587852
-1793976714
106425909
-558453281
-1612840858
1569573687
-1189517773
132751700
-125930237
986276219
-66103243
-532001592
1288849257
-1525532865
899191024
1037671567
-1877599905
-503707896
1382853792
1398260575
1648806399
874397736
-1921399817
-67496395
508489168
-925491393
515601490
105398905
-1710541805
-1366603004
947762989
1309950560
-23114403
544799045
-1699660583
-153963631
354035557
-1245061077
-333562260
869233675
604082719
-1295157310
77462263
219457861
592093705
-813609031
-514698242
613979542
1321558980
926121317
1331051812
-106373162
-2141735707
-1915787765
-1713835226
-1093652154
-724806131
683043166
289484298
-488813140
-591885770
-417714106
-518733161
-1367275070
-2142513328
-1192844317
-449550585
795526096
503495691
-1213869872
2076348155
1579238039
-1301385482
178797227
1527222958
1733303921
-1076823351
-1151310891
1494521197
304093365
-2006037506
948473206
-1458970810
-709687968
594019237
-359271485
519871999
-1505613071
990061432
-898823549
-1966915255
1357397139
1771300653
142507470
-1699813835
1108234881
1362976523
648870679
481002983
1342538917
-1485332544
1591215725
-173548664
-3339389
-1993827471
988307453
264320385
1067387732
-464979951
369016283
-1900108315
-1344508554
-1982892299
288218625
1126843950
-644715518
1395835304
1429550231
-32603605
-1738886210
-1954893829
1178712692
-1387749831
503398454
-1445504159
1527685092
432073905
1332303396
608539513
1578624939
-2131990880
1843216408
1227720682
170733130
-922575939
-1802849964
1348582262
-1009573504
-1500631657
833090296
733058121
-87659501
296569357
1541160798
-1633411694
-623175217
-189081341
1766322119
824495701
-39864369
342905170
338649142
590702974
-421808902
236677376
2081795484
1834306360
561301200
-1702751055
-1891454412
1937749887
-1195420058
1858243164
-1568545744
-1800929805
-1208338001
1864645440
-643958123
2008254191
-17416964
-39192295
1291287650
2120162778
-1947320123
-24855921
-1110270472
1333660860
-811798615
1787409135
-35974987
-103359212
1978224819
-1698320100
-1524455199
-523578904
-2091664930
-1150092857
650771917
-516788452
-1042225446
1463161053
97544249
-391470585
1071200272
-1327946175
-1149566218
1764974403
1670274532
-1593501253
-1785163316
-1883649596
-1581648839
301091375
1457681053
724907819
-869543367
-1678072815
85523657
-1801476772
-861466027
-2036751592
24900308
1267168589
1345918603
-788645071
522578502
411139873
-901378842
1595792566
-505688622
1805636468
1882896459
-344520737
-984621638
-92094984
-2020900495
-1918557320
1659490929
-857809600
61150257
432966356
1763444097
2024563675
-252506881
537986817
-1519926097
635492005
962951863
614475580
1337013084
2111167577
-1507444579
-1131664217
1688559149
831844969
-1648663393
2002746680
603677934
-1654056175
2112124380
-30682635
-796664141
-325789527
-648824983
612340829
428334144
1058802234
-1690424495
307175209
1093348522
-898204332
-1445455394
1717884468
681297981
-436647650
628412694
-1566160458
319980960
-367901010
-1469818744
1034672312
-1169720009
-816694629
-871228088
-351566141
1816051400
1962378191
-829171145
-1802569509
1903705440
1601463201
554188935
-711471701
634918263
-477547742
1327047805
-1099643647
-1672834734
-214165066
2062365305
446524028
-1753641048
-729999129
1125216307
1106327426
1059008648
-1226931851
-2120020410
-1385013128
-1948521351
-2085149263
-511291918
-1698447059
-1724614174
327474442
-1073774819
842308758
951985324
-1313133336
1926191771
144450496
2026273829
512961208
-1790690130
-739117055
-1372751065
-97588409
-171572272
-1901061007
-1292398983
917771091
-1451583569
-1780610408
-745595532
757488991
2029870200
-9707928
-1711048471
-1543231290
-1744562600
629132653
-1290972094
1010066963
2121269567
1321688386
1518284007
-1577683825
-604888858
1191251270
-2041953310
-1317419750
1549143315
1829398416
-1096348219
-1295231426
704036379
805940511
-1317389110
1949064577
1913986472
-1693871786
-184694468
2109387258
1275092924
-1999587162
-1673028586
-749679578
880568309
-2144997748
-1648508951
-1038717189
1121107730
1447904958
572668930
1822445118
-2000757579
1234804128
-1864434229
455230993
-366032534
-1011799043
635204721
-1965754417
-1579328281
-1042603533
-2068593977
1767366684
-1671717739
-1667793619
-1363694743
64371255
-1737294257
-1641968041
-77751516
-1220131695
1512215400
1284563406
-683510379
1954527907
1091919859
928219031
-1549989873
1499437052
-862952899
1677178515
-1062582590
-184780647
1505431198
-2098534673
-1480738792
-649057672
235750257
-181010463
-1352486302
99632239
47839584
1737991312
1000427444
-155658695
-2002897948
-1729680301
1883520012
-2081847855
-1657801205
2024469022
422232505
-1469665790
1600208764
-1971345608
663009274
-472559041
-1855498824
-1164600015
-2138294300
-1839072337
-912859742
442776339
-1255457911
-663759988
990480704
1375932887
-1069970602
-697397587
2110414275
-1516551142
-320758340
-974455200
745657796
-430230256
1048661267
2111265405
-873765936
1585558201
-112883782
373659831
1169299750
263524177
2098093698
-56662731
1298822334
1965940236
1696273740
-1777561504
-1533305203
1602504450
-1798039056
2003961342
581604103
-1721096600
1862468960
2122359167
1214120677
1921739520
925305613
-2031324265
-1923486936
1668376530
2123790984
-1218818804
1601055069
31264028
1459894124
739943120
1468239905
-338215802
-871740548
665198418
-1700315161
401976473
1003026183
-1958644464
-546551816
-1102704782
-1917066348
-1569503632
-1932012613
1714974898
-455254854
-883935536
-796104650
1576861368
1229566798
424573147
304936404
911782674
1410543300
697527838
-1975991704
-969437648
941174990
1136864218
-148017295
-1703257510
-1967427767
-360515301
-187916129
-1410782749
158099545
-664987127
-1690892650
1309869214
-1011583790
1371896957
241619441
-914982767
-1368843047
-924575273
380621448
819331560
-1158507830
885203470
-930363658
676757036
1186166876
-1328790520
-2124570539
1681202868
-1589292541
207726379
-398541237
801476187
-1233236843
-904631757
1368745802
-616546702
-1319421648
-1547453627
2053374226
989073144
-382540966
1242357060
1899285882
-1678916088
960898408
-1557811612
377368432
-1671755118
1175609124
-54492164
-1852326850
135648845
1375875754
1060204447
-1709662962
1059099372
1718791058
1392132460
2080113840
1135236751
1824601171
1180949413
1064353177
-1967787140
-1351025178
-601838722
-1744497618
888524558
1409072553
-1621271753
-231694013
-937839635
192144774
1382158700
-1504593699
-1427434625
1016117844
204984747
-1924366017
191326877
-1590236036
-185937337
-1185548764
-321929847
157325023
-1338254485
1029004360
-1885380832
303679479
-383777935
-890574547
1439397707
-230098628
1720671348
-1697471717
-2049966917
2038241480
-1055365341
-381239961
-1507453484
1432357181
1907842776
812971256
-1811213079
586595302
315470568
-632377082
1665041322
-1748612836
1829191996
154397733
-1546587686
-1366840598
1086334496
1081420162
-159089852
-1584792076
-1302907558
-1834419605
719010031
612199572
839282814
-1063921644
989794704
-1369495483
-1751380352
-1741073001
-864969409
1289819460
-1123817333
1686236732
-802549650
-483521420
20602896
1541469178
213017110
2023085953
-180415967
2049860157
-667672270
1455049544
-953226242
-642737942
-763843216
-863427466
1645376752
2075542431
-1092106458
31754862
1415995733
324071743
-1614108030
160849008
1630651132
547561389
1170811397
1514712311
-1193383246
-652427306
-1141277646
-1107292319
-1656926436
-1792182795
1496494210
809147349
543820999
-425453038
98369434
-945762976
-1914842243
-127451957
561670847
-949772703
1093883098
1353364566
-942317943
271943463
1814202398
-1367181883
1516915926
125977304
-564897981
854802060
-1300467199
2003009172
-484734638
-928656832
982858068
286185177
-333349391
1147785377
372307130
-262420696
166366785
-1073649702
458415033
2009493480
1023354598
2021615366
-1897560674
-214018421
-507252890
102069494
-1586736391
-480345105
-555969865
482897713
-1730315701
-2069977850
-1483080430
2019374395
1573104638
-589098568
2058232589
-231709670
-264142444
1070325255
-965958168
-1714436587
-1132450781
495016308
411101478
-1722516802
817239552
46047393
477588831
-1863771341
-1601606726
-910088905
-1543404460
1238851232
-446840758
349065225
-1833455037
1294795527
945504392
-1569808007
1854951549
884997699
485566943
-477105126
-1148893899
-480887991
1887205444
1521927574
-1254300519
573925297
-1596522653
-1149195822
1245138726
597923188
-417176805
-247968689
-498933448
-752241417
560309036
878552019
-1156610080
-1443550392
1808477743
537607240
-622719239
1875249318
79212485
1665907427
1877326973
732668742
-455537133
-1241448312
732679444
-743859628
147081837
1194364524
-615668242
-1820621513
-327665327
-241233669
1319096273
-649211111
-1802484330
1306473724
288427893
-1884905818
-1789283612
-996791565
-1749930225
-568231405
1740968806
1123712198
957893931
-1823639711
-1894980418
1018698147
-1919630146
-1725107998
1391757369
1940831264
-342162821
-271919620
1359088195
766381731
-1780622491
106004524
-968332003
1420112387
2041788581
-1756670899
176122572
-1661891985
-454677347
-1737116646
1333846612
-2116880754
2045560124
1309869041
-720149466
1607062760
-1829228653
489736409
-1821601322
-2113569916
-1129643864
-1943854394
239944976
-783284783
-1851082870
-1127799013
-364596788
1380883657
-167850843
355589999
-859375680
-2068079277
-41885097
1233776787
-1986603242
1605517544
13036226
1495674324
466189407
1585032313
-248949021
-1578394500
296130502
1068992912
-1676369181
59354015
135672712
-1932489291
-1862872147
1088136211
1735458211
717198354
-384910912
-1130195777
-1885407027
1863462233
2121010501
943406872
-4470617
-180106779
-1127434396
52938729
892800306
-1734417889
1156898002
-1182977966
584745345
123584803
249855406
834722578
1351012784
-1019554398
-1708736883
12755464
1007901716
-1673876215
1789144787
935608310
835473843
-1300759326
2099421252
-284749176
-87168522
1700552315
1311925210
1222998165
-667771491
-1070161724
1509031896
-533901149
-420111118
-2016816003
-804343010
-876258384
1221195073
142505616
1459182015
1375701039
221911431
-879665989
-1196652848
462842192
-1955937688
-248362895
-606476413
-1049338236
-1827186330
-1069661182
2065843059
1162293056
-234003632
408956409
844934720
-1144316160
1439669751
-1960569148
489078366
-991642226
-1772042969
-1976544102
-616506070
-2125400189
851522261
245461401
735511614
1814506254
-391524716
2108971054
-771261435
-1075755789
985792589
465330616
1342074769
123349463
-1036674513
-1105646737
-2078905941
-613224518
-580194844
1773819266
-237301973
169061315
-1394048764
1409126527
-1328764278
-213591997
209523918
563453176
-1583850315
-1989503245
-122424043
-118546078
-1050540253
1383814016
1925890679
-445482432
-1493548247
228559433
-956486699
1565517952
1756101260
1128314727
491670270
1584775716
804418904
1365881325
1799264429
1327925540
-2078150417
1270544240
1616423861
-2053174126
320476260
-648434743
1601058682
1587214335
1220204041
-1268231911
1442971043
243823901
4826694
1778678797
-1846368499
-1289632859
-1082264660
-676001694
239450114
-1792152710
1187601481
-941059669
36770730
1654123790
1994465341
584856658
1819591361
1914573828
231975309
-666969380
2013131146
-1043247081
391003446
-530211984
-1192797950
1656141881
-110876283
774498713
-1585805479
-732193793
980026789
-590176182
555269021
-2058434757
-1165175175
1274357794
170477752
930601962
2113285292
-1236517391
-1147751524
-2089818544
-137654267
1683365243
759365820
-1567846559
1281936383
811865211
678356157
646025571
1327100312
870433258
1553386605
1569870544
1049829993
893027712
-1845235725
-41432192
-256804618
-1624775813
1417602376
-599975929
1257349703
1167843486
-1519098395
752312156
1992162487
505846396
481573822
48492218
813649931
-102326282
352160110
-85872694
729313989
-1576546815
1158341043
2020171009
-1406766918
-573786964
1510203931
796530759
-463206686
-1906653087
-1537129217
-827963431
287869039
1631708010
-1213489488
-449389201
-156794592
-1824793673
2135702000
957967264
-837310250
-785829667
-232077404
-19944059
-1916994457
-1306782110
1665783238
-2268003
1094389681
1251171895
-901824096
211529968
-621679374
2065368965
310712630
-618182794
7935319
1671460268
259170307
277949112
695301842
-1658547321
-1821087000
-372258377
1646291760
-715757835
118867809
963160333
-539814806
927258773
-690167303
61405778
-1523930566
-906054704
-115449857
1606796736
-580416271
-169598181
1845780602
-1096644070
-1865272953
-1814221699
-279963559
-897091896
1857960691
-354618801
2048687598
-1677810618
-996846403
2018622530
375109533
-2120094017
1243390672
1000213670
1429225936
2031703797
989911700
-340310551
-1143078867
1092881763
-1579001540
885695581
1948167691
-1920693340
-1294218404
311529533
-1754766815
-263561195
1611872701
252349425
-1469310592
-159739975
-879849612
-1663286639
-402817597
1522643549
193064240
-1258521945
938760836
233385212
-1562419756
411889976
-223644143
-864342428
-1403731899
645685509
935838047
-1852354024
-1419904380
-1466287602
-1708256450
448007544
1121896958
-1448096425
918348494
-316191969
1142474018
-1508249363
448967985
-1760372596
151478836
-695574485
-1954467199
-805860861
1400182625
289954873
1889015300
1677473973
-1011226606
-1380167467
-1993183842
-1776025826
-935005308
-527793835
-1836852090
-1551804498
-552085352
1480393196
1959449916
-232128085
1836319463
733839660
1978138298
76140629
-312003303
-521951797
1424636137
-1292842934
-303700873
-362478423
-1007553450
1142632236
1710700989
901772049
-1664757467
2016964992
1063242548
2072688958
1134410053
1390412504
779445248
52750625
1112074724
-1515086796
-325620554
1986059617
1059495973
-246383450
-1905473231
-2036882269
112221456
-348155852
-540983387
1392106763
-1764756278
-1088511743
-1444299532
1276396545
-1742021371
1193735854
1614285376
1386675767
-969969991
-322435075
-2055485503
-463807509
-1169682668
2099978935
-283655977
-1345315479
-597462098
-126931504
-485495454
121011155
-767527424
-1680086584
-1880771503
-2057930204
1256139286
559829843
-60996743
1089487474
190852227
1335233595
-744484697
232035187
2041994134
-2016022907
1021171704
1046512193
-954306614
1895312850
-1378964633
-749923231
1133717378
1091087112
-1567758426
122680833
866908661
1926127153
-1267785166
672845953
-692091546
23526050
1508598945
-82115276
-1291703143
297152863
-321500866
-902573978
-68380799
1637627326
2129644759
801708193
868027197
-302159799
-1327437356
-502174164
1856097605
752831464
-1442951029
-401998124
-1135999520
-2038617793
-1995583277
-1496350226
-964831783
-1720122283
352340183
818634907
808817521
1634977909
291188011
-782983603
1806918295
-962474407
-1305870812
1532511626
-962487210
245309572
536952419
-1332388624
879475086
1561928174
-2094940493
-181098376
-1070680858
337214182
1852068629
558152446
-1812391936
-1172803532
-595376873
321330176
-1444796433
-977598339
-170387604
-477919835
-1207769883
-1635539989
117010105
1092779777
-506277584
2097277452
185480108
-916400489
-1961512089
-159829510
-597147053
755089695
564578272
-1513961284
71973547
20816008
1463883108
-274482708
-1797175690
776451903
-1976837850
-1708917095
-541792176
1332038577
-1364378128
1055864430
-195287036
559218703
177525406
1453674259
-261574629
1651335760
1397912528
679722451
1869459638
-1463420805
86351066
-1523175554
303143837
-1909568218
305943551
-1758997872
-1435038313
-873807815
-1034410529
2090639250
1144682747
560406519
-368909267
1382826944
-335059578
361451071
-1698423900
-139554325
-677291665
979269134
1600353595
759405984
-1201029191
-899050169
-1085049194
1981801610
-1993515065
1997692598
-1776069184
-655939052
-778487243
-1959544750
781046807
786884946
-10494236
499734978
-1616489337
-500465375
1142263894
-1177006302
-1257987846
-1166442868
542820413
1662411782
1944261391
1101441393
-28184242
1181661886
-836103159
-513493149
-1613338023
1117918171
882845705
-783693614
-1380440418
472222194
-635635584
1241584745
-174031016
-129317473
-1373826594
-330275657
1098517150
1122561484
1681082511
1984252945
-1501656213
-2022844365
-2086274777
2024223413
-2136256773
-290243040
625842139
-520510670
1787661144
-429131397
429474611
-1691584249
-1772252365
565808645
71126525
-271723126
1165554423
1421509345
434893956
1651244811
1404619547
988172374
-1782075135
-569143751
371391415
437511635
1665262418
-977760829
759821658
-967570381
-2062565399
-1172344766
2090353434
1838753857
1309325830
1891958869
-1509809685
700064125
-596583128
227716877
912832820
-1946783456
1984743872
-165747572
-274741089
1392352605
1578387752
-821086488
985653040
333227241
-1543000877
757902164
92041112
1666719421
-87331644
-904370815
-254388789
-1738403302
-10962621
-1299093183
1811456464
1841744589
-50793522
-1071492499
-728319017
-115593804
2026586958
-1139267831
201340304
-1011658368
-1399670902
605136805
-1097868102
2013552571
830386144
-1282883067
1465967353
-150404596
143030577
2007894532
-846319892
-1250304070
-1173596387
1443388597
-1234306
-1389891730
-1324651408
13177290
-1586060676
-1292721860
844576475
1743216441
279284584
-1704450844
1168806374
-1038363876
809287564
-1121103788
-1347455707
1727989720
627182161
-2111903120
1225253289
1646065281
-15854384
-1493803498
-772558151
134253437
-759822423
-480765604
330712514
-263102106
-217254380
231873819
463089035
-1252538827
218654261
246775985
2124440748
1205431964
1043630771
2048781825
1942729536
-1199342670
-2095447670
-1104782914
-1261421607
607958741
641739808
209353705
888824756
822421451
1836348566
-345453417
195004973
-608802518
-2068835231
311494903
1302217588
2118803194
1232810008
-1903721325
-677705087
411317144
-398107506
1300613846
1140956741
1278328540
1410916643
566580430
-207454687
-654722178
831474519
-324446415
1632057755
67989173
1564682143
1151921317
386893647
1952097824
1566831484
1060839483
-485206237
-29020183
-1160864568
-1675977668
653087678
1623011623
-245489070
-397475544
-695695559
1928986244
-1236457043
432417019
1703614231
-59286753
666541637
-265823566
711805810
-766688845
-823087694
691188237
-1024240265
-1411867656
-1993427632
1721319317
-1714976492
-550663095
-1918110449
-582834976
-1743651345
842149254
479337350
1782722834
1261751193
-1580536517
1997274958
487440807
-980200189
1265624065
-1250551411
1353902960
1690195760
152358948
-612133424
-79220773
-2033864916
834901638
872680222
1540342391
1594624828
-589075006
-467455415
-677272906
1208482646
-383445101
-1178784377
-519893517
-1776216877
1957612663
1056388416
-1511813706
2005867874
-525812337
-269107671
118498871
1896640832
-2131406647
998665360
-1164089056
-1769203547
-1209107648
2116380921
1201238167
2100772993
397663714
-47519254
-910948741
-939718041
-1121220526
-1217984765
-1314161684
87746505
512853520
-1505810095
1462826257
-1179454362
110139863
1472310498
-2099303148
-26672129
530631494
72976284
-1224018319
190207824
-535909694
-485160630
216333168
-1552995266
-1881641062
1393559799
-589790481
1182047564
-1531161493
-658304129
93011301
-1245674413
-1868180027
536768354
-1466016221
299914354
22918926
2020674011
1334936795
716119874
1077604774
940089649
304888678
-1980876466
198242891
1165606988
47909825
-60870206
-1099315009
-887922806
-1866894760
-1906765471
-1855902297
-806666541
-86888313
-235006788
647987894
-1599255318
1622393693
1708545440
2084712714
-1960202234
2047804066
1978079183
-535754283
1298285472
-705549285
1319480563
917933376
-1550737522
-2104303861
-73391153
-756335733
-709690287
-1128412163
1923430071
-2136845192
-709654358
1512774849
181939522
1060677865
283837554
-396175181
1018471741
1116496584
1124250795
1389152578
-1076791582
804185894
1800340689
1916510896
1014048841
-2024786266
554789238
1459320086
1960944669
-988450788
1549621261
-664294997
-1668012141
-335390352
-374052859
-359854012
1408342936
-625470776
52097305
530628894
-1350644407
-2083956762
1671936742
1214043867
-1037616728
-460917811
-542731843
1474315466
1018978443
1672301227
1955517626
96423275
-215821609
809901554
-1903406827
1741053233
159739886
-929042745
778698423
751390089
1954186853
594453152
-1080856048
-822782949
-1920087046
272584231
-203745497
247210575
761094341
1923304037
1593870834
601028882
-458796628
-1961560036
-539779097
673756377
562581019
-1009068685
226883282
1835144677
-721189643
-2058106408
-695853847
1352386761
1106697413
-1503540191
-1872976355
505803561
824048440
-1051310348
-961232206
400902339
-1191587889
1310056297
-666948847
1631710387
-208038448
90145261
-1414040356
-1555258638
1788707197
159177065
-1690229437
-1622731233
848989320
1281397922
-774695787
-1790691967
-712370747
-57074206
1119680282
-1671303348
1869039649
-1614501672
-1212408033
-1972516061
466058450
1151187644
466734161
1440360670
-698741553
-1635413834
-1453417394
2130847628
-1106295422
1256458368
1311502457
-787056453
-1167231812
1007349577
-649765619
-1203210
2140553193
-1211835684
437351796
1654029967
-152192380
1335226625
1329236441
1664342941
-76025908
674709795
1139616251
-1886078904
-384248904
591107122
2080080196
1668048963
-1339175129
-2091460918
1624367130
-1857911142
1656183643
1336902037
-1558575500
1651158701
-1464049496
-1892441108
-324009041
-1395637893
1308118120
-664701756
-1788559455
1197652771
1988104753
781028807
-1338539794
129195176
-1172730807
-1448135487
1735459994
