313280772
-340520599
-1922884408
97359659
-1544038923
291758317
1522966862
1981053230
-793317234
983225645
322346597
-999638801
-799033091
-570989009
-142761628
916932737
-2091050876
-1085600196
1618962079
1167834332
-1545856932
88678650
-1370069781
229723413
568148693
-815562823
1992297825
351932622
563638977
449691404
-676936862
-2139934225
188986643
1679069596
-1576742692
1691092373
1765023938
2067827768
55302858
-1143914422
-279328526
-2141677777
-1942971903
-1646610057
1401302358
-1769365279
460512296
1368224278
-1694577457
41837971
-1237970681
724226731
366198361
-1513398141
-1510021115
-624864140
1972139047
-83871172
45007339
-316536354
-1321530101
1295075371
-719455506
-641615301
