540735727
300672261
-1701182834
-476984673
-1274421481
-917876594
-1025358435
333700854
-1019381695
283980015
186962418
-1587789997
-2028179278
2033988709
19831485
-159954241
-1626871995
-2128333070
-403224663
1628625581
-1349919671
957174131
1784780900
1030830631
1486957225
1211778545
1436548191
-1810375606
1349611341
1539431734
2145673938
-2093054476
-1325432128
-263714397
-185694462
1452990139
923363603
-207232191
1903967430
-56648416
-946676736
1997328661
-992771770
101040643
-273820847
-1239256137
-2066328570
-1360423078
-1197953150
156771621
-1987273694
-1356044771
2143414949
-90562092
1360043483
90642308
282817413
10465032
-259079087
1539913076
-165275890
1340527204
-892222574
2080570934
