215814255
631098413
-1671702105
-2071682785
-2110208651
-260161277
-1006856273
-11501091
1899987267
1521547791
2061881656
-1015648925
715822123
388803830
-1974333252
-446243741
1354168716
-1577235549
1258537391
312128631
1857998528
-6522021
-1218716668
956491602
1756943415
158460174
-550419467
-1703521992
567041252
-1407971602
391635460
75139759
321540055
-732479675
1077065532
-1050959498
1547837482
717359235
-1029934660
-1638798154
359915297
920340118
-1926871691
45379703
-1127297908
-1237879426
-1788539598
824804437
1937639792
1399855392
-1778321448
-55660173
1484476646
8998489
-490977809
1265367982
-1539712190
-470361770
-336995488
-271185387
-1350971530
2025014562
588556672
-1595546983
