1400977822
-1085060384
-1679204345
-1856391099
916629758
449158046
-621835199
-1887805054
-76935245
1606553857
1213750584
-892572660
-1762328039
2015568328
-106512817
-617243376
293172318
1049491131
-1863115095
2041246307
-1220690586
-1932231238
1749125283
1923694005
-581737489
687675922
-878498395
1522515717
1112480246
-1213954542
1778280986
1929736791
1912244824
-1197229602
-1736145476
1672021157
-207430469
388819842
663532564
-1856592878
661722030
-835716023
1023416641
-2043797659
-1368938226
-301471921
-654649609
-1816721228
-864875349
645399893
-2130549302
-806891681
179366188
555301332
-1116619092
1731200320
1139561263
298081620
264247476
-272284896
1686849204
495483133
1196375841
-1435148180
