488265832
-840575324
1521878517
408599493
-2064553937
-1651091032
-1593210682
1542273460
1872869545
-1132562246
-1563528889
780746552
1578384975
876199560
2016620121
562885963
-1569017047
-1036764539
-741413287
654618189
655373751
-1197539332
-212356446
443141435
1728737813
-851115416
-475556011
-1777570783
1125235033
-1109335294
1818776411
-607357491
790145855
847872922
933770411
282994373
-1445833208
-640388438
-1274274616
-1214174854
2022699166
-324369241
1770406285
-1622097476
-1556245765
985411226
-1464748500
-1832469648
633835724
-1991739921
-1871773581
-51244927
615012945
1975683469
-866238895
-834831852
-1275525242
-1844488154
1570217881
-382639873
-648220281
30783439
1842034693
-1319116422
