1528019070
-314545750
-765821292
-1552761772
1369688706
-554887717
-1658237251
1523898761
2007451394
47532920
-1720288045
1519553302
790701693
1101495448
1514434303
1456796573
-841195642
1255190164
1533114212
-458731099
-132674140
-105684702
-875286617
-637038892
67740281
1904038562
1270057137
-1045098915
27133221
346338744
-2029415757
1764585142
-288832532
1821027354
-473153174
1519923854
867810325
2135562922
-1209552732
-1167751938
-1254106091
43461318
-771117822
1871154430
-48503827
-200995617
-1265203970
1495860250
705972175
-699609016
573269551
883557476
1922177287
-1316395952
1989331659
-2050539092
245963032
-687204718
1918090094
-1872813586
-940877019
-1046601078
1380772121
847997195
