-497743709
-1849494131
2119027263
1135185421
1498887606
840740843
1384105258
-632963615
-1471785190
811481857
-765199621
-1220035885
1682646370
-1857369750
477717003
-463419991
-1704344459
131147076
507980789
302414159
669974126
-1062823096
-2097752816
1588329997
1035716804
406651675
-1107220423
-998327300
-1126074454
2007005411
-1228850475
18301109
-1522318408
-125920228
-445864683
-999928756
-1827142197
1382180779
-1541375364
1815165308
-2140058328
1078785842
1940309662
-1225771741
1251685351
-410727002
1670418985
-1894516496
444241294
-2080739041
1551676457
769654106
-381318148
-2059767825
-366742649
1717655251
978081416
1976705781
1162296530
1826206269
1967591273
797819186
-1138429887
410592413
