-35974987
-103359212
1978224819
-1698320100
-1524455199
-523578904
-2091664930
-1150092857
650771917
-516788452
-1042225446
1463161053
97544249
-391470585
1071200272
-1327946175
-1149566218
1764974403
1670274532
-1593501253
-1785163316
-1883649596
-1581648839
301091375
1457681053
724907819
-869543367
-1678072815
85523657
-1801476772
-861466027
-2036751592
24900308
1267168589
1345918603
-788645071
522578502
411139873
-901378842
1595792566
-505688622
1805636468
1882896459
-344520737
-984621638
-92094984
-2020900495
-1918557320
1659490929
-857809600
61150257
432966356
1763444097
2024563675
-252506881
537986817
-1519926097
635492005
962951863
614475580
1337013084
2111167577
-1507444579
-1131664217
