-2113569916
-1129643864
-1943854394
239944976
-783284783
-1851082870
-1127799013
-364596788
1380883657
-167850843
355589999
-859375680
-2068079277
-41885097
1233776787
-1986603242
1605517544
13036226
1495674324
466189407
1585032313
-248949021
-1578394500
296130502
1068992912
-1676369181
59354015
135672712
-1932489291
-1862872147
1088136211
1735458211
717198354
-384910912
-1130195777
-1885407027
1863462233
2121010501
943406872
-4470617
-180106779
-1127434396
52938729
892800306
-1734417889
1156898002
-1182977966
584745345
123584803
249855406
834722578
1351012784
-1019554398
-1708736883
12755464
1007901716
-1673876215
1789144787
935608310
835473843
-1300759326
2099421252
-284749176
-87168522
