563453176
-1583850315
-1989503245
-122424043
-118546078
-1050540253
1383814016
1925890679
-445482432
-1493548247
228559433
-956486699
1565517952
1756101260
1128314727
491670270
1584775716
804418904
1365881325
1799264429
1327925540
-2078150417
1270544240
1616423861
-2053174126
320476260
-648434743
1601058682
1587214335
1220204041
-1268231911
1442971043
243823901
4826694
1778678797
-1846368499
-1289632859
-1082264660
-676001694
239450114
-1792152710
1187601481
-941059669
36770730
1654123790
1994465341
584856658
1819591361
1914573828
231975309
-666969380
2013131146
-1043247081
391003446
-530211984
-1192797950
1656141881
-110876283
774498713
-1585805479
-732193793
980026789
-590176182
555269021
