-263561195
1611872701
252349425
-1469310592
-159739975
-879849612
-1663286639
-402817597
1522643549
193064240
-1258521945
938760836
233385212
-1562419756
411889976
-223644143
-864342428
-1403731899
645685509
935838047
-1852354024
-1419904380
-1466287602
-1708256450
448007544
1121896958
-1448096425
918348494
-316191969
1142474018
-1508249363
448967985
-1760372596
151478836
-695574485
-1954467199
-805860861
1400182625
289954873
1889015300
1677473973
-1011226606
-1380167467
-1993183842
-1776025826
-935005308
-527793835
-1836852090
-1551804498
-552085352
1480393196
1959449916
-232128085
1836319463
733839660
1978138298
76140629
-312003303
-521951797
1424636137
-1292842934
-303700873
-362478423
-1007553450
