-977760829
759821658
-967570381
-2062565399
-1172344766
2090353434
1838753857
1309325830
1891958869
-1509809685
700064125
-596583128
227716877
912832820
-1946783456
1984743872
-165747572
-274741089
1392352605
1578387752
-821086488
985653040
333227241
-1543000877
757902164
92041112
1666719421
-87331644
-904370815
-254388789
-1738403302
-10962621
-1299093183
1811456464
1841744589
-50793522
-1071492499
-728319017
-115593804
2026586958
-1139267831
201340304
-1011658368
-1399670902
605136805
-1097868102
2013552571
830386144
-1282883067
1465967353
-150404596
143030577
2007894532
-846319892
-1250304070
-1173596387
1443388597
-1234306
-1389891730
-1324651408
13177290
-1586060676
-1292721860
844576475
