1656724460
2113629892
1692423891
-300908695
-1169918863
1028840010
1573003004
-257496006
583019195
1795310007
-1948949143
-2006670639
-1074402539
-987271941
1484244718
804754702
-742600547
2118170894
-1369437412
1987381364
-1933453273
673864448
-1071141950
2102976869
1975229793
507789391
-412692298
743566735
1228555831
983900280
967689173
694411686
469778553
-1552641072
-875355833
926875219
-277432903
1422869395
364791815
-986148757
-1986340487
-2043312323
1699335842
-347160476
99579270
-1984560360
-1236139970
609576196
-1244637026
2081102870
-994073123
806407514
1010535256
1492866272
1939840995
702461426
603877189
1673127982
643568597
232578371
-1384960943
-2130299816
-550227357
1367337836
