-1670641274
-2076029051
1594653305
-600162129
1460076163
1428365345
531045321
-434734719
983419810
576176397
-278031023
1320699746
-1601630900
1596448297
-1024878751
-362590210
385266809
-1308718315
457849029
-2082046620
495228313
-1865813424
1356692041
1949406529
-1850048073
-2000789119
-1818231169
1599115088
1084902876
-1907538155
-72746561
-836673776
-1233228623
1444279561
707567214
808461496
-1775894937
-1650508536
1025739139
-2022639256
-52987173
407992
-669912249
122538656
-1794024972
-1732257456
1801168987
1827797237
-2058199473
1112538477
-1639575809
-551244287
-1103534562
-1179499482
1034796177
60693915
-598284723
-1235366307
-2025758894
1842554439
-906464283
193894232
1322975344
183895280
