-1241155866
-1218483746
638377406
1360179231
-706844476
-936601014
-1007057144
-359998568
1178780626
805360117
-1570306491
-627610330
1003024514
-1009359400
11547825
484343532
1753342107
143067251
-1297648445
1279441722
-495310312
-669182755
471310773
-710283338
-159945648
-1165625572
1139143491
-2135089192
-1924897962
-124631626
-293086798
-479016293
-232763998
434462856
-919857645
84629361
185370608
104835285
1327928008
53665398
-1443003544
-1247041887
-1641889721
662355944
648182270
449294144
1268283934
1737539287
768181531
1944772905
725334070
-1631546600
-878970243
1014860047
48205915
-156752257
1934177114
-1396030414
1489587195
1859514700
-680255029
-988908559
-705128915
1921788389
