-205324752
1156641490
402484604
1835062807
-1770159613
-339817021
967149207
-1634787857
-1042555826
-604022063
-2025317023
1318556189
947859853
1368272477
285178462
1593663088
542500876
2057423056
704650190
-658591397
-1363162416
481773993
-767038158
-41945296
-82381129
320716756
-1484066033
-816638835
1207432670
1131785026
1515745009
-74230762
-731534014
1018069941
1251983282
-1750729884
680263849
-1823123237
1668055548
653966140
-1867624254
-5972066
1965405451
-1616482557
838678411
-1476886342
269739959
-106569871
-1696520462
306789519
1789833649
-1686274939
-1996632641
980711480
-529400564
952517304
-1525913936
-562427941
-2097159169
1938243445
1441355237
1725958722
-2007226647
2067687623
