-1705907283
-1247980458
1020823156
2043486607
-1517651842
-78782717
1276163846
-1254269989
1917162132
-1396578949
294149825
1991459906
-816396683
-740945604
177662742
-1015625972
-592324803
1484303753
-2000428559
-1051402518
781282681
-1418529155
-2064022210
1472711722
-1994436522
-1248869022
-415257937
2031029030
1376029946
-1114624445
-773469252
690732541
-624283599
1431560895
-672165397
1993178501
1515812428
-1633391073
-1710791855
981910912
1198822725
-412115285
-1217481897
39809037
-1477475033
-584142792
-107209791
911144032
1392667308
1560087557
229868012
1418681525
2122680359
985313736
1862585430
1851074433
-1048520540
-1698456061
-1920865181
-1920497686
-260589235
-1735999077
-219856802
-707282567
