-1471908874
-1505562457
-134189162
1321784696
-565504988
-104157408
1325609887
-984986965
-426091169
-700718909
1607248143
1736283322
-1699938250
542946934
-1331014499
180173208
-1085334452
-1866657438
-159449090
234340381
1154479928
90323468
1070310758
1170509629
1750973868
1787720871
-161673395
-242545540
-436620584
-897775965
-70438794
-1353142879
-2005569008
-530546295
-1972144084
-728108631
953165483
-1585813750
1817159374
750089470
844422702
-1660913068
-1473321330
-758672152
-1823909718
2046120615
587410549
1286624835
621738850
-1369504984
1281435049
-762543246
-796014160
1453321205
-1315359502
-1848756845
-824473560
-1285355400
-148618118
-38257420
-1332777475
-1177661696
-194678828
-750576444
