-129163419
135492471
781362816
-662377152
863816970
-1731654347
125540178
381355526
-2077930219
-829284807
2048503360
-1839745551
201202735
-443200096
1990399450
1894002666
666488720
-1991696820
-115817684
-1187479743
1102636009
-1566122502
1446132035
-1690935581
-1243605372
1404367250
-884768529
-1308766260
-1944539992
679023297
354703561
-1255136582
914574657
-1655156028
1561059703
1978493218
-1244901184
-1259080057
-1346090450
-1903984281
60468032
15695854
399393144
1199911497
1191236842
1526560881
-29086153
91425179
-1553378151
-1957310226
-1798736663
780595769
-839987008
1217522362
751979820
734967095
-1985361269
-1206411784
-1168839804
-1294935459
-1485019324
-822226642
-1984101540
1488624595
