-644715518
1395835304
1429550231
-32603605
-1738886210
-1954893829
1178712692
-1387749831
503398454
-1445504159
1527685092
432073905
1332303396
608539513
1578624939
-2131990880
1843216408
1227720682
170733130
-922575939
-1802849964
1348582262
-1009573504
-1500631657
833090296
733058121
-87659501
296569357
1541160798
-1633411694
-623175217
-189081341
1766322119
824495701
-39864369
342905170
338649142
590702974
-421808902
236677376
2081795484
1834306360
561301200
-1702751055
-1891454412
1937749887
-1195420058
1858243164
-1568545744
-1800929805
-1208338001
1864645440
-643958123
2008254191
-17416964
-39192295
1291287650
2120162778
-1947320123
-24855921
-1110270472
1333660860
-811798615
1787409135
