1688559149
831844969
-1648663393
2002746680
603677934
-1654056175
2112124380
-30682635
-796664141
-325789527
-648824983
612340829
428334144
1058802234
-1690424495
307175209
1093348522
-898204332
-1445455394
1717884468
681297981
-436647650
628412694
-1566160458
319980960
-367901010
-1469818744
1034672312
-1169720009
-816694629
-871228088
-351566141
1816051400
1962378191
-829171145
-1802569509
1903705440
1601463201
554188935
-711471701
634918263
-477547742
1327047805
-1099643647
-1672834734
-214165066
2062365305
446524028
-1753641048
-729999129
1125216307
1106327426
1059008648
-1226931851
-2120020410
-1385013128
-1948521351
-2085149263
-511291918
-1698447059
-1724614174
327474442
-1073774819
842308758
