-320758340
-974455200
745657796
-430230256
1048661267
2111265405
-873765936
1585558201
-112883782
373659831
1169299750
263524177
2098093698
-56662731
1298822334
1965940236
1696273740
-1777561504
-1533305203
1602504450
-1798039056
2003961342
581604103
-1721096600
1862468960
2122359167
1214120677
1921739520
925305613
-2031324265
-1923486936
1668376530
2123790984
-1218818804
1601055069
31264028
1459894124
739943120
1468239905
-338215802
-871740548
665198418
-1700315161
401976473
1003026183
-1958644464
-546551816
-1102704782
-1917066348
-1569503632
-1932012613
1714974898
-455254854
-883935536
-796104650
1576861368
1229566798
424573147
304936404
911782674
1410543300
697527838
-1975991704
-969437648
