-1351025178
-601838722
-1744497618
888524558
1409072553
-1621271753
-231694013
-937839635
192144774
1382158700
-1504593699
-1427434625
1016117844
204984747
-1924366017
191326877
-1590236036
-185937337
-1185548764
-321929847
157325023
-1338254485
1029004360
-1885380832
303679479
-383777935
-890574547
1439397707
-230098628
1720671348
-1697471717
-2049966917
2038241480
-1055365341
-381239961
-1507453484
1432357181
1907842776
812971256
-1811213079
586595302
315470568
-632377082
1665041322
-1748612836
1829191996
154397733
-1546587686
-1366840598
1086334496
1081420162
-159089852
-1584792076
-1302907558
-1834419605
719010031
612199572
839282814
-1063921644
989794704
-1369495483
-1751380352
-1741073001
-864969409
