878552019
-1156610080
-1443550392
1808477743
537607240
-622719239
1875249318
79212485
1665907427
1877326973
732668742
-455537133
-1241448312
732679444
-743859628
147081837
1194364524
-615668242
-1820621513
-327665327
-241233669
1319096273
-649211111
-1802484330
1306473724
288427893
-1884905818
-1789283612
-996791565
-1749930225
-568231405
1740968806
1123712198
957893931
-1823639711
-1894980418
1018698147
-1919630146
-1725107998
1391757369
1940831264
-342162821
-271919620
1359088195
766381731
-1780622491
106004524
-968332003
1420112387
2041788581
-1756670899
176122572
-1661891985
-454677347
-1737116646
1333846612
-2116880754
2045560124
1309869041
-720149466
1607062760
-1829228653
489736409
-1821601322
