1957612663
1056388416
-1511813706
2005867874
-525812337
-269107671
118498871
1896640832
-2131406647
998665360
-1164089056
-1769203547
-1209107648
2116380921
1201238167
2100772993
397663714
-47519254
-910948741
-939718041
-1121220526
-1217984765
-1314161684
87746505
512853520
-1505810095
1462826257
-1179454362
110139863
1472310498
-2099303148
-26672129
530631494
72976284
-1224018319
190207824
-535909694
-485160630
216333168
-1552995266
-1881641062
1393559799
-589790481
1182047564
-1531161493
-658304129
93011301
-1245674413
-1868180027
536768354
-1466016221
299914354
22918926
2020674011
1334936795
716119874
1077604774
940089649
304888678
-1980876466
198242891
1165606988
47909825
-60870206
