-1099315009
-887922806
-1866894760
-1906765471
-1855902297
-806666541
-86888313
-235006788
647987894
-1599255318
1622393693
1708545440
2084712714
-1960202234
2047804066
1978079183
-535754283
1298285472
-705549285
1319480563
917933376
-1550737522
-2104303861
-73391153
-756335733
-709690287
-1128412163
1923430071
-2136845192
-709654358
1512774849
181939522
1060677865
283837554
-396175181
1018471741
1116496584
1124250795
1389152578
-1076791582
804185894
1800340689
1916510896
1014048841
-2024786266
554789238
1459320086
1960944669
-988450788
1549621261
-664294997
-1668012141
-335390352
-374052859
-359854012
1408342936
-625470776
52097305
530628894
-1350644407
-2083956762
1671936742
1214043867
-1037616728
