12658311
-411050111
-831554378
1291383499
-159918493
-1982687474
-1507362851
1856985227
234086007
1479145748
-1665029363
-66430833
1977603842
-1122370455
-1438744018
-1350170568
74486358
1167111974
-2140344027
1254491344
846758844
-2001074752
761565014
1325122233
-1508888428
210636633
1283942249
-66708503
401739712
550714195
-982876335
1599525269
-2018870461
634481702
7363722
1933702444
1101174820
1769837427
332466337
556166278
689395864
-1027476647
-578856455
1411253597
1702624351
-134700794
1863550155
-774452229
14267246
1089674383
215955566
-618751691
431245005
1598231044
953142488
1891961751
286649282
-1239050305
-1996012444
-1022926880
48407855
-273449476
425534933
-1124279120
