-1650833046
941310274
-1117861225
-1155910172
-223236220
961261674
-1947077857
-543755684
-1908726391
-1004940479
42707484
-294046041
-912512023
227122446
-1092126939
1946681878
-438513628
367425371
1976005838
846236386
1393378228
650467596
419699757
-1660388001
204700969
992524978
-1848720231
-1508345230
1326401430
1275001889
-566895691
908822848
-1291492309
-1918300353
-1805248084
-898142168
-194469341
1740667934
1679046077
1757227250
-1419636512
1680937549
1261362937
1094706248
-165171117
522967915
-21955253
-1637592988
-549239903
-608296196
-278364487
-1133439222
-526308861
1378920319
1158034664
-1643854151
1564041709
1929398463
-602962203
711236381
-1281156494
-1534933143
2106784546
-854927161
