-1988238255
-200719083
-737157374
895413945
-342358631
2026962743
-501082626
-874663380
-1298961286
778324209
1819849627
319831295
419286417
-2024483773
2094423421
374612384
-1435041462
1617918261
1454153988
-1245855964
-1274984758
1362200807
270813905
1928731772
-44543728
551009767
987050633
960414437
1674150486
1912298946
1850244824
-1951118427
298449340
149381085
1586275768
1363121395
1932351272
1226354053
-271405837
1748030006
1722440039
1912196931
1367371494
-209785998
-1467434344
589011828
2140923783
1415110655
-903483703
-97404391
-986722904
1398677627
-457922334
-97316372
-1383465860
-1464986623
1567967681
2020307635
-1321701030
-665961318
-1260151386
-1152577321
1320280513
-328618253
