469719576
-494426302
-2071059963
-592550126
456546341
-981088647
2006554658
2016832500
-409016813
1074936101
-1477525093
1802190712
72500360
257458353
1996817247
1138398645
1619759224
372495115
1722439316
1143497191
-2073358833
-1546725956
2072635427
-798926425
-571949612
-568625608
-2080461702
-149555364
1081647115
-2021690505
1922362252
-369184783
1696942682
-1748538173
1615464732
-675196985
1040954286
-1355052589
1707740475
91927277
2037209695
-1798434791
-1327582961
1898925198
1010575505
-1760724648
1950086101
-1854393942
743815901
-2146902152
940735528
-907437303
2111434033
-1611738723
-644855421
-234155413
660787700
1578886773
586971651
1435025156
1419933549
1976541137
1302538353
315131174
