-1148785672
1860859412
-418978486
-187899624
-537538727
-1307377745
376946071
682194232
746882534
-1165646433
1388099325
-1853821890
35548232
1148389556
1351812530
1882516454
-1934003201
-963310394
431431333
-1215706217
1897690685
-1068958779
2012847879
1371389839
721244434
-272611826
-96688116
1904935775
939602632
487355392
805614322
-117590118
2146154384
1442847951
-1452007102
1910335177
267369821
1546122903
-1187443371
-84580959
-253816305
1857835956
-932634855
-1702460809
-1138466860
-409165488
700410132
-69224461
1548024779
-1989428420
-294874711
331536132
-1050772759
654125315
-85341030
135617555
183382304
380672060
-230463282
44884858
-328270147
-530962400
-94898605
651575
