635204721
-1965754417
-1579328281
-1042603533
-2068593977
1767366684
-1671717739
-1667793619
-1363694743
64371255
-1737294257
-1641968041
-77751516
-1220131695
1512215400
1284563406
-683510379
1954527907
1091919859
928219031
-1549989873
1499437052
-862952899
1677178515
-1062582590
-184780647
1505431198
-2098534673
-1480738792
-649057672
235750257
-181010463
-1352486302
99632239
47839584
1737991312
1000427444
-155658695
-2002897948
-1729680301
1883520012
-2081847855
-1657801205
2024469022
422232505
-1469665790
1600208764
-1971345608
663009274
-472559041
-1855498824
-1164600015
-2138294300
-1839072337
-912859742
442776339
-1255457911
-663759988
990480704
1375932887
-1069970602
-697397587
2110414275
-1516551142
