941174990
1136864218
-148017295
-1703257510
-1967427767
-360515301
-187916129
-1410782749
158099545
-664987127
-1690892650
1309869214
-1011583790
1371896957
241619441
-914982767
-1368843047
-924575273
380621448
819331560
-1158507830
885203470
-930363658
676757036
1186166876
-1328790520
-2124570539
1681202868
-1589292541
207726379
-398541237
801476187
-1233236843
-904631757
1368745802
-616546702
-1319421648
-1547453627
2053374226
989073144
-382540966
1242357060
1899285882
-1678916088
960898408
-1557811612
377368432
-1671755118
1175609124
-54492164
-1852326850
135648845
1375875754
1060204447
-1709662962
1059099372
1718791058
1392132460
2080113840
1135236751
1824601171
1180949413
1064353177
-1967787140
