-262420696
166366785
-1073649702
458415033
2009493480
1023354598
2021615366
-1897560674
-214018421
-507252890
102069494
-1586736391
-480345105
-555969865
482897713
-1730315701
-2069977850
-1483080430
2019374395
1573104638
-589098568
2058232589
-231709670
-264142444
1070325255
-965958168
-1714436587
-1132450781
495016308
411101478
-1722516802
817239552
46047393
477588831
-1863771341
-1601606726
-910088905
-1543404460
1238851232
-446840758
349065225
-1833455037
1294795527
945504392
-1569808007
1854951549
884997699
485566943
-477105126
-1148893899
-480887991
1887205444
1521927574
-1254300519
573925297
-1596522653
-1149195822
1245138726
597923188
-417176805
-247968689
-498933448
-752241417
560309036
