1700552315
1311925210
1222998165
-667771491
-1070161724
1509031896
-533901149
-420111118
-2016816003
-804343010
-876258384
1221195073
142505616
1459182015
1375701039
221911431
-879665989
-1196652848
462842192
-1955937688
-248362895
-606476413
-1049338236
-1827186330
-1069661182
2065843059
1162293056
-234003632
408956409
844934720
-1144316160
1439669751
-1960569148
489078366
-991642226
-1772042969
-1976544102
-616506070
-2125400189
851522261
245461401
735511614
1814506254
-391524716
2108971054
-771261435
-1075755789
985792589
465330616
1342074769
123349463
-1036674513
-1105646737
-2078905941
-613224518
-580194844
1773819266
-237301973
169061315
-1394048764
1409126527
-1328764278
-213591997
209523918
