1142632236
1710700989
901772049
-1664757467
2016964992
1063242548
2072688958
1134410053
1390412504
779445248
52750625
1112074724
-1515086796
-325620554
1986059617
1059495973
-246383450
-1905473231
-2036882269
112221456
-348155852
-540983387
1392106763
-1764756278
-1088511743
-1444299532
1276396545
-1742021371
1193735854
1614285376
1386675767
-969969991
-322435075
-2055485503
-463807509
-1169682668
2099978935
-283655977
-1345315479
-597462098
-126931504
-485495454
121011155
-767527424
-1680086584
-1880771503
-2057930204
1256139286
559829843
-60996743
1089487474
190852227
1335233595
-744484697
232035187
2041994134
-2016022907
1021171704
1046512193
-954306614
1895312850
-1378964633
-749923231
1133717378
