-460917811
-542731843
1474315466
1018978443
1672301227
1955517626
96423275
-215821609
809901554
-1903406827
1741053233
159739886
-929042745
778698423
751390089
1954186853
594453152
-1080856048
-822782949
-1920087046
272584231
-203745497
247210575
761094341
1923304037
1593870834
601028882
-458796628
-1961560036
-539779097
673756377
562581019
-1009068685
226883282
1835144677
-721189643
-2058106408
-695853847
1352386761
1106697413
-1503540191
-1872976355
505803561
824048440
-1051310348
-961232206
400902339
-1191587889
1310056297
-666948847
1631710387
-208038448
90145261
-1414040356
-1555258638
1788707197
159177065
-1690229437
-1622731233
848989320
1281397922
-774695787
-1790691967
-712370747
