-57074206
1119680282
-1671303348
1869039649
-1614501672
-1212408033
-1972516061
466058450
1151187644
466734161
1440360670
-698741553
-1635413834
-1453417394
2130847628
-1106295422
1256458368
1311502457
-787056453
-1167231812
1007349577
-649765619
-1203210
2140553193
-1211835684
437351796
1654029967
-152192380
1335226625
1329236441
1664342941
-76025908
674709795
1139616251
-1886078904
-384248904
591107122
2080080196
1668048963
-1339175129
-2091460918
1624367130
-1857911142
1656183643
1336902037
-1558575500
1651158701
-1464049496
-1892441108
-324009041
-1395637893
1308118120
-664701756
-1788559455
1197652771
1988104753
781028807
-1338539794
129195176
-1172730807
-1448135487
1735459994
