1444943673
-978099806
606860830
1559965605
-1828910760
329587331
-1733772179
1596941470
-1016794650
-418400130
1226033800
-1836151015
102556955
164547329
-1910369008
-1427617074
-1916995391
-799935937
-1946424287
-161036065
744006423
129900099
-209662248
220755720
1611899896
1073425223
-1175031019
1752196629
968481852
-1374785723
-1321597567
-355327085
-2030913698
-266859314
-965286446
1205140170
403639135
-615375077
-204053683
282448106
1073386217
-1160899743
1188052364
1705906307
-1446484554
614318953
1761340801
85547066
-723250382
-1076157089
-927008070
-767893319
1567048543
165324009
1110761702
624872935
867041784
-1191085701
863062423
606265177
-79554599
-1183150615
1912970825
1635070983
