-306849992
1544455086
981758618
-1313749633
781381928
-1435728752
430194003
151652561
1977373077
-1872825223
-1140546413
-161210969
-1668167487
-1429849100
474625511
92783672
-452305598
1925564943
97910039
-621568543
1064515301
-1324945549
-2021604437
1314377817
1251464144
-404367691
1431061680
-398776280
-1961497626
-888853014
151869627
1504407129
-396253586
-310749824
12475950
1169220974
-31128074
1351428171
1046045113
1665671571
1942990453
-1188843298
-1928475869
-886788073
-237344337
-1969004516
-1298296246
296894999
-1231811107
278305038
1172979816
1928416891
1636018828
1711187445
360333719
-567845082
-1765400635
-1490589021
-834450794
-1708491416
1233879917
-2108463098
-997271859
-1148030537
