-241504504
185593595
-1263971326
293888077
-261215365
1324638830
1545461777
-894645439
-1457800321
757132916
-2072954144
1807682752
-490331283
796303389
-955476435
1035175716
-799683795
1809895226
-666947275
463404078
355302687
1633680759
1740327989
1079956538
-613585090
1375408815
-1645195219
1181099187
2096839299
731351675
-713478426
1102064072
-1291361145
-659658996
1036140342
183773023
808410987
182254906
-1401284221
-1803426486
1910842363
-911348260
-1433061243
-470992200
1421068817
1760026714
1743020623
857890029
243974967
-126561665
-1581638257
-555489995
145726352
-842133101
505132820
1934541333
848323831
-788123480
1505663888
403670980
-1112592280
-1354002380
-1545926241
1220006873
