1410078395
-1701795986
1505411997
305656359
1861727018
-851005747
1668387013
-1595652830
-2028476172
373073950
972529896
-1810872469
-888209288
-2110175272
180739342
-999287550
543186470
795319221
748316732
1129651154
701499752
-379301431
1567349494
-1738077473
1375288766
-152052522
-1185533179
-996147013
224029227
682494430
1593867130
-231166658
303514319
1842404088
-798592782
986208885
1419233493
1125497703
199337498
-1465380646
691367054
1197039848
1023536245
2112309957
1519758814
-1065882038
-411237027
2098457379
1415831254
1484008260
-59121850
100559716
-1726878558
1597629826
1409016650
499020985
-1587391835
1174195968
1031214817
751523967
1811651554
1198943643
-69331473
1396644854
