517537717
-283889265
-845356480
530714580
1562814510
1703869639
-385384758
1754508479
922305935
-1056822945
798124682
137164411
-77392831
-701358871
1890197365
-509950586
-923328125
-1532228613
-1013910471
-1888153595
-1288217015
1305271623
-1816017975
837866744
1393982561
1575660009
911673624
1063847599
1322777048
690319104
-85888220
1684482173
-178585957
-1197947777
927282485
1571525546
-1434259360
-168710843
-1713006746
-901736531
1346035910
940102762
-69563548
-324867686
801061306
1817365467
-429635211
-1816324391
-341095395
201138216
797784508
1176170264
1526637731
564680092
707440058
-694871678
-1574417666
2065441421
1500589592
-1056683728
-1620816070
-363562250
-531013469
-1030830881
