1803240718
-1243849046
-1387425347
1850563342
429147772
-861610349
-1767558232
659096851
-88087566
590771543
-243399236
1935511284
-272078339
-1783552474
241458955
1785968590
-1208625159
397802809
1279731047
-441244058
-1238887685
-864578850
1538495712
988214364
2074534641
-1813566508
-1954055286
381892767
1829903880
-1004336424
1722084739
-2116795101
-945904051
998229887
-1453411021
1127713745
1886592406
-2100314554
-1291516971
-775332161
130118563
640216551
-126998986
-2022572127
-748113281
496686573
-2016460355
904901246
-71520980
1279994506
-1862967893
-400373850
-288918402
210334120
-818987870
297521378
1429386823
265739581
406637163
-1334086163
105212596
-1142884637
-1381948941
-1590256605
