-1271132143
-953460133
-1747629915
-657784868
300774227
1408875814
764205360
-1832056118
1565370564
1149084309
206392851
-997324898
-279604972
1123318061
2131175718
-2051472662
-41001468
1547147705
652141374
34264103
470772044
974233181
472840111
1933155562
-45607490
-240544021
950051857
-1434941610
-2027675990
-1954763147
1135239239
-1110149167
-719652476
-254536158
1378833084
675128826
346107332
1529760069
-471120656
803033306
1333577485
-907018581
1242225714
-1533672871
-1947449967
52583220
-771220818
-1551886862
799125683
-1303823964
2061462698
-1692698966
780775405
-575300677
-1859009012
436914238
1265683955
73767042
623678495
1052471195
-48805352
902061031
-1688696938
-593416558
