2019957745
-1632498804
-1677952304
-2099034421
-427946697
-1251695397
-606996387
-1681631238
92540401
221259869
-392354368
1793944913
-610523438
760587852
-1793976714
106425909
-558453281
-1612840858
1569573687
-1189517773
132751700
-125930237
986276219
-66103243
-532001592
1288849257
-1525532865
899191024
1037671567
-1877599905
-503707896
1382853792
1398260575
1648806399
874397736
-1921399817
-67496395
508489168
-925491393
515601490
105398905
-1710541805
-1366603004
947762989
1309950560
-23114403
544799045
-1699660583
-153963631
354035557
-1245061077
-333562260
869233675
604082719
-1295157310
77462263
219457861
592093705
-813609031
-514698242
613979542
1321558980
926121317
1331051812
