-19944059
-1916994457
-1306782110
1665783238
-2268003
1094389681
1251171895
-901824096
211529968
-621679374
2065368965
310712630
-618182794
7935319
1671460268
259170307
277949112
695301842
-1658547321
-1821087000
-372258377
1646291760
-715757835
118867809
963160333
-539814806
927258773
-690167303
61405778
-1523930566
-906054704
-115449857
1606796736
-580416271
-169598181
1845780602
-1096644070
-1865272953
-1814221699
-279963559
-897091896
1857960691
-354618801
2048687598
-1677810618
-996846403
2018622530
375109533
-2120094017
1243390672
1000213670
1429225936
2031703797
989911700
-340310551
-1143078867
1092881763
-1579001540
885695581
1948167691
-1920693340
-1294218404
311529533
-1754766815
