-655939052
-778487243
-1959544750
781046807
786884946
-10494236
499734978
-1616489337
-500465375
1142263894
-1177006302
-1257987846
-1166442868
542820413
1662411782
1944261391
1101441393
-28184242
1181661886
-836103159
-513493149
-1613338023
1117918171
882845705
-783693614
-1380440418
472222194
-635635584
1241584745
-174031016
-129317473
-1373826594
-330275657
1098517150
1122561484
1681082511
1984252945
-1501656213
-2022844365
-2086274777
2024223413
-2136256773
-290243040
625842139
-520510670
1787661144
-429131397
429474611
-1691584249
-1772252365
565808645
71126525
-271723126
1165554423
1421509345
434893956
1651244811
1404619547
988172374
-1782075135
-569143751
371391415
437511635
1665262418
