1743216441
279284584
-1704450844
1168806374
-1038363876
809287564
-1121103788
-1347455707
1727989720
627182161
-2111903120
1225253289
1646065281
-15854384
-1493803498
-772558151
134253437
-759822423
-480765604
330712514
-263102106
-217254380
231873819
463089035
-1252538827
218654261
246775985
2124440748
1205431964
1043630771
2048781825
1942729536
-1199342670
-2095447670
-1104782914
-1261421607
607958741
641739808
209353705
888824756
822421451
1836348566
-345453417
195004973
-608802518
-2068835231
311494903
1302217588
2118803194
1232810008
-1903721325
-677705087
411317144
-398107506
1300613846
1140956741
1278328540
1410916643
566580430
-207454687
-654722178
831474519
-324446415
1632057755
