67989173
1564682143
1151921317
386893647
1952097824
1566831484
1060839483
-485206237
-29020183
-1160864568
-1675977668
653087678
1623011623
-245489070
-397475544
-695695559
1928986244
-1236457043
432417019
1703614231
-59286753
666541637
-265823566
711805810
-766688845
-823087694
691188237
-1024240265
-1411867656
-1993427632
1721319317
-1714976492
-550663095
-1918110449
-582834976
-1743651345
842149254
479337350
1782722834
1261751193
-1580536517
1997274958
487440807
-980200189
1265624065
-1250551411
1353902960
1690195760
152358948
-612133424
-79220773
-2033864916
834901638
872680222
1540342391
1594624828
-589075006
-467455415
-677272906
1208482646
-383445101
-1178784377
-519893517
-1776216877
