1749981618
-1711565238
-737972363
-1294063153
612707139
678557470
-923233219
-140491899
597955447
1280327263
1226995288
-1602612232
1015574137
-1245538723
-1428105864
1675077222
-1874434744
-1992457103
2139089422
1347981235
1262420117
1399950345
82365643
-1751344734
-872036879
-110268668
1332892260
-1840026305
740328231
2066980672
1945984917
225964191
-227677210
-1505970832
598997353
972508108
1420160419
1386873138
1383241143
-678508295
-1758405187
1183352416
-1957203985
413860861
-289348127
-1078592603
1819010582
-1429857026
-2014621009
603889235
-1894243826
-1670782356
-1397380963
-1188827276
-1756261605
316024369
820290331
686403102
-1283916894
-459623898
-1978039816
692560651
-85649614
-277377080
