-819406821
669053297
964841707
-421296974
710209169
1113197817
-673256972
-1865007498
2049443827
554273997
-259014902
-2014511045
1129245811
-1854469467
1675259692
107910884
-1948309097
392235457
294305424
1799277440
-1191187172
-2072313352
-1052686801
448771703
-1953813992
-979859441
1233065863
-2070375936
-776377250
-2131613874
-1159636836
1710407637
-936575451
1457897552
179051583
2073359914
1658274795
1784512795
-1275856238
-1857042470
142439062
-1792685456
1839869386
1672346595
1347421149
942380643
-842582218
17721364
1247448293
-1524485075
722227329
393495300
-272114898
2007526719
2006199603
-273276602
-783254608
-185440357
451924093
1015222746
-1494740927
1669257567
-82543819
-1892119066
