-2015881571
-1332097731
515847842
-2138106558
1302264456
1348921546
-668752133
1019018469
852330151
-1161434239
277148446
-98284854
-2123972811
-2075840894
434088273
-1085645440
1675699776
654148342
-598660717
-735575494
-470638964
-1888836325
-1273717467
854552585
2055018679
-588297057
-170302901
-698727859
-256479587
119107122
1814949971
-726129047
1332220157
1022394966
1659271126
625881269
2009688924
-35592839
-1508457667
572656824
2084708905
-378231484
497752966
38501526
76517153
1966821173
1294218568
194632647
-1164238859
1413977195
615934452
1828886793
-1845134551
-1430071616
-296959651
556325783
2118422334
-947653860
703893369
-526530661
141619219
1050139912
1514056296
-1048832544
