-677976392
2112940159
1596273996
325332224
850077283
-216669190
526564854
-2085539553
1476973594
1311862073
1719781280
-263060408
-1541601229
-1624638569
-1580593562
488544768
1946059345
2110335474
-1199954526
1819519989
-486366126
-1648139837
86984554
445033774
-974342292
791061358
1920735325
1311325316
-2115379310
-595787814
356606879
1428998736
600727836
665098052
-2029513951
-932289179
-600892250
338178384
-1865684955
-140647616
-113482441
-956251551
-811943935
240310142
1039242405
-380014039
1214525730
-969601395
1367278136
-478873725
194145363
69566374
403324814
929848703
1136905791
2075126266
1631240125
2121041342
1233321268
-472084181
667372734
2140732416
-1872629975
-1644376835
