2087196317
-1990529051
117909763
-1852699850
-907370943
-796525768
1448475613
-964163742
1102815108
-807549171
191608881
954729501
-2083538231
1794906510
-680032086
1344890940
-2021939004
244447593
-153237455
2043299261
-463518365
-1435227930
-1383308946
1824300280
-1103371028
1636548155
-1632165234
-393732332
1442338658
-1144558306
85920070
1168188347
962018861
-220244580
-776746216
927778321
202020857
-846828503
-1383129643
-1200268063
706324189
-1295921417
775783522
1934737945
-1958964032
298818698
-1606376514
-353034888
-1692173832
-1618206836
1341350979
486811269
1372891699
165503965
1555587883
1143476674
61369242
-1181054738
-639666091
1487314210
-802784205
-1125817009
1144476745
386527159
