1217075091
2119247468
1146676092
368929724
-2041342485
817467696
101248887
1542847939
1798066436
779574769
-10993186
655462242
-1570260640
412266615
-1055808900
2092183057
1515272662
1548691218
29211482
476601450
-628858255
-922618455
345020481
-1992362649
869359000
-356114927
942742140
2003668688
-1810820242
-1412736605
-677550879
-1303638290
562929531
1152485384
169575442
-475436668
-993395573
-1188317354
-397027584
679131135
784206550
1313020256
280427440
1063723244
1397380193
1950579273
1544635457
1055277737
-1107741789
1021316186
-103155667
-103934625
-1067892630
1874369813
553706959
-1786218449
-946395393
-1051424886
737216548
-738730581
-658813560
1277818856
1271874773
1737870215
