1694421847
-2041866084
1860602872
-1816608243
1919893362
1384742962
1690842762
240332791
-1629001373
-1987127472
-892342849
435660415
-1098926656
1550231108
1040342422
1806112065
1772892340
2114106400
627024780
1047682876
-821474081
488220113
-1546485218
877388301
1744514171
-1931511184
-1545549683
1846393951
1637210303
1507391704
110359264
2147059617
-1043919993
-1023417736
1895646767
-1425180422
1159753524
2088173417
1881730333
1490427257
506165457
-848668734
1451743398
-1373428335
35537014
-1482084821
-133142246
1148777412
-900006927
978096048
802300776
-780148067
-862322782
-1030320937
1387853471
38630882
1865968037
1550020595
-1811884622
-713889014
1512299318
1061651642
547531131
-1115693844
