1261997009
1285924407
-505205349
-1612459696
-110846871
1455705145
-1314180667
-454847040
814905504
-1487248606
1390591695
-1415863406
1099876627
615717543
-1238976512
1759978503
1533351542
2005036996
1148624540
295315016
-2091413392
1313190859
656018792
970968730
710008515
742191295
-849090451
1726989519
1666539695
-22692126
-1894628100
-1207462401
224362136
1549098892
-931770894
556531064
1479602662
391721277
1585424445
33638642
-530110676
-1289629451
1618680734
-599176186
-1832444277
86932675
-1542683728
-209152287
-1700041128
930319260
703089960
1228661812
-1166193668
470814318
-950992035
-2111704466
-1724203236
513011315
-1381912053
145570861
998925049
-1856430902
-1367990445
703874033
