-106373162
-2141735707
-1915787765
-1713835226
-1093652154
-724806131
683043166
289484298
-488813140
-591885770
-417714106
-518733161
-1367275070
-2142513328
-1192844317
-449550585
795526096
503495691
-1213869872
2076348155
1579238039
-1301385482
178797227
1527222958
1733303921
-1076823351
-1151310891
1494521197
304093365
-2006037506
948473206
-1458970810
-709687968
594019237
-359271485
519871999
-1505613071
990061432
-898823549
-1966915255
1357397139
1771300653
142507470
-1699813835
1108234881
1362976523
648870679
481002983
1342538917
-1485332544
1591215725
-173548664
-3339389
-1993827471
988307453
264320385
1067387732
-464979951
369016283
-1900108315
-1344508554
-1982892299
288218625
1126843950
