951985324
-1313133336
1926191771
144450496
2026273829
512961208
-1790690130
-739117055
-1372751065
-97588409
-171572272
-1901061007
-1292398983
917771091
-1451583569
-1780610408
-745595532
757488991
2029870200
-9707928
-1711048471
-1543231290
-1744562600
629132653
-1290972094
1010066963
2121269567
1321688386
1518284007
-1577683825
-604888858
1191251270
-2041953310
-1317419750
1549143315
1829398416
-1096348219
-1295231426
704036379
805940511
-1317389110
1949064577
1913986472
-1693871786
-184694468
2109387258
1275092924
-1999587162
-1673028586
-749679578
880568309
-2144997748
-1648508951
-1038717189
1121107730
1447904958
572668930
1822445118
-2000757579
1234804128
-1864434229
455230993
-366032534
-1011799043
