1289819460
-1123817333
1686236732
-802549650
-483521420
20602896
1541469178
213017110
2023085953
-180415967
2049860157
-667672270
1455049544
-953226242
-642737942
-763843216
-863427466
1645376752
2075542431
-1092106458
31754862
1415995733
324071743
-1614108030
160849008
1630651132
547561389
1170811397
1514712311
-1193383246
-652427306
-1141277646
-1107292319
-1656926436
-1792182795
1496494210
809147349
543820999
-425453038
98369434
-945762976
-1914842243
-127451957
561670847
-949772703
1093883098
1353364566
-942317943
271943463
1814202398
-1367181883
1516915926
125977304
-564897981
854802060
-1300467199
2003009172
-484734638
-928656832
982858068
286185177
-333349391
1147785377
372307130
