-2058434757
-1165175175
1274357794
170477752
930601962
2113285292
-1236517391
-1147751524
-2089818544
-137654267
1683365243
759365820
-1567846559
1281936383
811865211
678356157
646025571
1327100312
870433258
1553386605
1569870544
1049829993
893027712
-1845235725
-41432192
-256804618
-1624775813
1417602376
-599975929
1257349703
1167843486
-1519098395
752312156
1992162487
505846396
481573822
48492218
813649931
-102326282
352160110
-85872694
729313989
-1576546815
1158341043
2020171009
-1406766918
-573786964
1510203931
796530759
-463206686
-1906653087
-1537129217
-827963431
287869039
1631708010
-1213489488
-449389201
-156794592
-1824793673
2135702000
957967264
-837310250
-785829667
-232077404
