1091087112
-1567758426
122680833
866908661
1926127153
-1267785166
672845953
-692091546
23526050
1508598945
-82115276
-1291703143
297152863
-321500866
-902573978
-68380799
1637627326
2129644759
801708193
868027197
-302159799
-1327437356
-502174164
1856097605
752831464
-1442951029
-401998124
-1135999520
-2038617793
-1995583277
-1496350226
-964831783
-1720122283
352340183
818634907
808817521
1634977909
291188011
-782983603
1806918295
-962474407
-1305870812
1532511626
-962487210
245309572
536952419
-1332388624
879475086
1561928174
-2094940493
-181098376
-1070680858
337214182
1852068629
558152446
-1812391936
-1172803532
-595376873
321330176
-1444796433
-977598339
-170387604
-477919835
-1207769883
