-1635539989
117010105
1092779777
-506277584
2097277452
185480108
-916400489
-1961512089
-159829510
-597147053
755089695
564578272
-1513961284
71973547
20816008
1463883108
-274482708
-1797175690
776451903
-1976837850
-1708917095
-541792176
1332038577
-1364378128
1055864430
-195287036
559218703
177525406
1453674259
-261574629
1651335760
1397912528
679722451
1869459638
-1463420805
86351066
-1523175554
303143837
-1909568218
305943551
-1758997872
-1435038313
-873807815
-1034410529
2090639250
1144682747
560406519
-368909267
1382826944
-335059578
361451071
-1698423900
-139554325
-677291665
979269134
1600353595
759405984
-1201029191
-899050169
-1085049194
1981801610
-1993515065
1997692598
-1776069184
